name: Mark Sattolo
number: 428500
section: CSI 2172 A4

 START TEST PROGRAM 

 # rows = 9 and # columns = 7

- matrix_alloc matrix M1: 
 Providing values for the elements of M1. 
 Print matrix M1: 
 {
	{ 98, 97, 96, 95, 94, 93, 92 }, 
	{ 97, 95, 93, 91, 89, 87, 85 }, 
	{ 96, 93, 90, 87, 84, 81, 78 }, 
	{ 95, 91, 87, 83, 79, 75, 71 }, 
	{ 94, 89, 84, 79, 74, 69, 64 }, 
	{ 93, 87, 81, 75, 69, 63, 57 }, 
	{ 92, 85, 78, 71, 64, 57, 50 }, 
	{ 91, 83, 75, 67, 59, 51, 43 }, 
	{ 90, 81, 72, 63, 54, 45, 36 }
 }
- matrix_copy M1 to matrix M2. 
 Print matrix M2: 
 {
	{ 98, 97, 96, 95, 94, 93, 92 }, 
	{ 97, 95, 93, 91, 89, 87, 85 }, 
	{ 96, 93, 90, 87, 84, 81, 78 }, 
	{ 95, 91, 87, 83, 79, 75, 71 }, 
	{ 94, 89, 84, 79, 74, 69, 64 }, 
	{ 93, 87, 81, 75, 69, 63, 57 }, 
	{ 92, 85, 78, 71, 64, 57, 50 }, 
	{ 91, 83, 75, 67, 59, 51, 43 }, 
	{ 90, 81, 72, 63, 54, 45, 36 }
 }
- matrix_copy M2 to matrix M3. 
 Print matrix M3: 
 {
	{ 98, 97, 96, 95, 94, 93, 92 }, 
	{ 97, 95, 93, 91, 89, 87, 85 }, 
	{ 96, 93, 90, 87, 84, 81, 78 }, 
	{ 95, 91, 87, 83, 79, 75, 71 }, 
	{ 94, 89, 84, 79, 74, 69, 64 }, 
	{ 93, 87, 81, 75, 69, 63, 57 }, 
	{ 92, 85, 78, 71, 64, 57, 50 }, 
	{ 91, 83, 75, 67, 59, 51, 43 }, 
	{ 90, 81, 72, 63, 54, 45, 36 }
 }

 Call matrix_max on matrix M3. 
The maximum value of M3: 98

 Call matrix_sort on matrix M2. 
 Print sorted (min to max) matrix M2: 
 {
	{ 92, 93, 94, 95, 96, 97, 98 }, 
	{ 85, 87, 89, 91, 93, 95, 97 }, 
	{ 78, 81, 84, 87, 90, 93, 96 }, 
	{ 71, 75, 79, 83, 87, 91, 95 }, 
	{ 64, 69, 74, 79, 84, 89, 94 }, 
	{ 57, 63, 69, 75, 81, 87, 93 }, 
	{ 50, 57, 64, 71, 78, 85, 92 }, 
	{ 43, 51, 59, 67, 75, 83, 91 }, 
	{ 36, 45, 54, 63, 72, 81, 90 }
 }
- matrix_copy M3 to matrix M4. 
 Print matrix M4: 
 {
	{ 98, 97, 96, 95, 94, 93, 92 }, 
	{ 97, 95, 93, 91, 89, 87, 85 }, 
	{ 96, 93, 90, 87, 84, 81, 78 }, 
	{ 95, 91, 87, 83, 79, 75, 71 }, 
	{ 94, 89, 84, 79, 74, 69, 64 }, 
	{ 93, 87, 81, 75, 69, 63, 57 }, 
	{ 92, 85, 78, 71, 64, 57, 50 }, 
	{ 91, 83, 75, 67, 59, 51, 43 }, 
	{ 90, 81, 72, 63, 54, 45, 36 }
 }

- vector_alloc vector V1 and populate it with values by calling 
  function 'apply' on matrix M4 with parameter function 'min'. 
 Print vector V1: 
{ 92, 85, 78, 71, 64, 57, 50, 43, 36 }
- vector_alloc vector V2 and vector_copy it from V1. 
 Print vector V2: 
{ 92, 85, 78, 71, 64, 57, 50, 43, 36 }
- vector_dealloc vectors V1, V2. 
- matrix_dealloc matrices M1, M2, M3, M4. 

 --> PROGRAM ENDED. 
